<?xml version="1.0"?>
<opencv_storage>
<calibration_Time>"Wed Oct 22 13:35:26 2014"</calibration_Time>
<nrOfFrames>5</nrOfFrames>
<image_Width>640</image_Width>
<image_Height>480</image_Height>
<board_Width>7</board_Width>
<board_Height>7</board_Height>
<square_Size>50.</square_Size>
<FixAspectRatio>1.</FixAspectRatio>
<!-- flags:  +fix_aspectRatio +fix_principal_point +zero_tangent_dist -->
<flagValue>14</flagValue>
<Camera_Matrix type_id="opencv-matrix">
  <rows>3</rows>
  <cols>3</cols>
  <dt>d</dt>
  <data>
    5.8451729395597749e+02 0. 3.1950000000000000e+02 0.
    5.8451729395597749e+02 2.3950000000000000e+02 0. 0. 1.</data></Camera_Matrix>
<Distortion_Coefficients type_id="opencv-matrix">
  <rows>5</rows>
  <cols>1</cols>
  <dt>d</dt>
  <data>
    6.5442559243104950e-02 5.4472724388380511e-01 0. 0.
    -1.8268201959715391e+00</data></Distortion_Coefficients>
<Avg_Reprojection_Error>3.7015255152985893e-01</Avg_Reprojection_Error>
<Per_View_Reprojection_Errors type_id="opencv-matrix">
  <rows>5</rows>
  <cols>1</cols>
  <dt>f</dt>
  <data>
    3.68333131e-01 3.54956806e-01 3.89142543e-01 3.69169056e-01
    3.68352026e-01</data></Per_View_Reprojection_Errors>
<!-- a set of 6-tuples (rotation vector + translation vector) for each view -->
<Extrinsic_Parameters type_id="opencv-matrix">
  <rows>5</rows>
  <cols>6</cols>
  <dt>d</dt>
  <data>
    -2.0930468904415042e-01 -9.8963377214975598e-02
    1.1891914504888659e-02 -1.0675529522770177e+02
    -1.5063503776248518e+02 6.6848057076840632e+02
    -1.8525580910145636e-01 -7.6614540380643040e-02
    -7.3591865497033594e-03 -1.6271488122652462e+02
    -1.6605195784646131e+02 6.9819964298318723e+02
    -1.8239917770304312e-01 -1.8882350971733133e-01
    1.0921341539689004e-01 -8.7002313344911045e+01
    -1.8068410317247850e+02 6.6201812784024924e+02
    -2.0896624493146990e-01 4.2841285122071054e-02
    -1.1686975098449367e-02 -2.0230301001084669e+02
    -1.4583107102228516e+02 7.3089183197965974e+02
    -1.6095761639667275e-01 -2.6658148585300145e-01
    -2.0415841577624626e-02 -1.4175998435402849e+02
    -1.5112655790696726e+02 7.2175673178864497e+02</data></Extrinsic_Parameters>
<Image_points type_id="opencv-matrix">
  <rows>5</rows>
  <cols>49</cols>
  <dt>"2f"</dt>
  <data>
    2.25674545e+02 1.06546509e+02 2.69978546e+02 1.08620789e+02
    3.13233002e+02 1.10232445e+02 3.56090027e+02 1.12381805e+02
    3.98391357e+02 1.14427032e+02 4.39884888e+02 1.16582657e+02
    4.81695618e+02 1.17286842e+02 2.24442490e+02 1.48842316e+02
    2.69277740e+02 1.50707611e+02 3.13069794e+02 1.51708313e+02
    3.56497620e+02 1.53220932e+02 3.99383057e+02 1.55328369e+02
    4.41686127e+02 1.56745209e+02 4.83790131e+02 1.57946991e+02
    2.23006409e+02 1.92340942e+02 2.68385071e+02 1.93538879e+02
    3.12764862e+02 1.94541443e+02 3.56952698e+02 1.95484802e+02
    4.00327972e+02 1.97224243e+02 4.43315033e+02 1.98377319e+02
    4.86278015e+02 1.99323364e+02 2.21377808e+02 2.36221634e+02
    2.67508820e+02 2.37398514e+02 3.12575745e+02 2.38102295e+02
    3.57356201e+02 2.39048416e+02 4.01587738e+02 2.40157043e+02
    4.45344574e+02 2.40871536e+02 4.89203674e+02 2.41744827e+02
    2.19444122e+02 2.81661713e+02 2.66575226e+02 2.82392426e+02
    3.12389160e+02 2.82905853e+02 3.57726166e+02 2.83610748e+02
    4.02455597e+02 2.84566254e+02 4.47368286e+02 2.85187744e+02
    4.92417114e+02 2.85622681e+02 2.17354065e+02 3.28934631e+02
    2.65457092e+02 3.29099091e+02 3.12239716e+02 3.29249634e+02
    3.58377625e+02 3.29630951e+02 4.04454346e+02 3.30002411e+02
    4.49394897e+02 3.31225189e+02 4.94904846e+02 3.31542084e+02
    2.14996078e+02 3.78193329e+02 2.64112091e+02 3.77834656e+02
    3.11829224e+02 3.77629272e+02 3.59241364e+02 3.77710754e+02
    4.06197906e+02 3.78208374e+02 4.52734802e+02 3.78622620e+02
    4.98296417e+02 3.79067474e+02 1.82286285e+02 9.87702103e+01
    2.25134125e+02 9.98454971e+01 2.66980316e+02 1.00397446e+02
    3.08597565e+02 1.01557549e+02 3.49735474e+02 1.02659592e+02
    3.90170868e+02 1.03857040e+02 4.30500977e+02 1.03581177e+02
    1.81328506e+02 1.39568253e+02 2.24710312e+02 1.40469070e+02
    2.67063263e+02 1.40562775e+02 3.09055359e+02 1.40962616e+02
    3.50645416e+02 1.42281433e+02 3.91587524e+02 1.42718246e+02
    4.32346588e+02 1.43026901e+02 1.80454346e+02 1.81403549e+02
    2.24269333e+02 1.81603165e+02 2.67038483e+02 1.81671494e+02
    3.09527985e+02 1.81667892e+02 3.51546234e+02 1.82473190e+02
    3.93020905e+02 1.82753662e+02 4.34332123e+02 1.82779312e+02
    1.79122360e+02 2.23342773e+02 2.23619110e+02 2.23591171e+02
    2.66930817e+02 2.23406494e+02 3.10027191e+02 2.23423645e+02
    3.52651978e+02 2.23616089e+02 3.94683838e+02 2.23502121e+02
    4.36607208e+02 2.23415604e+02 1.77454285e+02 2.66687775e+02
    2.22804672e+02 2.66544525e+02 2.66772675e+02 2.66319275e+02
    3.10445282e+02 2.66166992e+02 3.53510834e+02 2.66165405e+02
    3.96361725e+02 2.65656677e+02 4.39176270e+02 2.65230835e+02
    1.75782806e+02 3.11486298e+02 2.21931778e+02 3.10778229e+02
    2.66573090e+02 3.10177155e+02 3.10878967e+02 3.09681610e+02
    3.54906616e+02 3.09151917e+02 3.97902649e+02 3.09278290e+02
    4.41289124e+02 3.08669739e+02 1.73798462e+02 3.57848114e+02
    2.20678268e+02 3.56808685e+02 2.66318298e+02 3.55751312e+02
    3.11450043e+02 3.54973969e+02 3.56175262e+02 3.54433594e+02
    4.00483826e+02 3.53889191e+02 4.44129944e+02 3.53549316e+02
    2.42385544e+02 7.84131699e+01 2.86308777e+02 8.62200546e+01
    3.28876862e+02 9.31991882e+01 3.70426605e+02 1.00631050e+02
    4.10965088e+02 1.07880882e+02 4.50241608e+02 1.15092255e+02
    4.89669830e+02 1.20695793e+02 2.37249023e+02 1.20992119e+02
    2.81683746e+02 1.28337143e+02 3.24956299e+02 1.34629639e+02
    3.67192810e+02 1.41269577e+02 4.08049683e+02 1.48309067e+02
    4.48217529e+02 1.54606567e+02 4.87687256e+02 1.60623520e+02
    2.31905060e+02 1.64487885e+02 2.77080505e+02 1.71048264e+02
    3.20641418e+02 1.77111664e+02 3.63566772e+02 1.83108658e+02
    4.05040833e+02 1.89577606e+02 4.45710266e+02 1.95444565e+02
    4.86015839e+02 2.00992722e+02 2.26602158e+02 2.08297623e+02
    2.72314545e+02 2.14518219e+02 3.16555756e+02 2.20235016e+02
    3.59973755e+02 2.25955399e+02 4.02397430e+02 2.31641602e+02
    4.43671051e+02 2.36993713e+02 4.84752197e+02 2.42342880e+02
    2.20827209e+02 2.53431519e+02 2.67488617e+02 2.59227356e+02
    3.12403564e+02 2.64444122e+02 3.56406982e+02 2.69775696e+02
    3.98973175e+02 2.75156219e+02 4.41480011e+02 2.80104492e+02
    4.83707520e+02 2.84895782e+02 2.14817184e+02 3.00236298e+02
    2.62447266e+02 3.05155731e+02 3.08332092e+02 3.09884308e+02
    3.52791168e+02 3.14658905e+02 3.96879669e+02 3.19370605e+02
    4.39015228e+02 3.24603699e+02 4.81671173e+02 3.29153992e+02
    2.08537872e+02 3.48586609e+02 2.57109680e+02 3.52894745e+02
    3.03722137e+02 3.57109039e+02 3.49585022e+02 3.61450714e+02
    3.94295013e+02 3.65922607e+02 4.38200897e+02 3.70468262e+02
    4.80529999e+02 3.74736847e+02 1.56055710e+02 1.21187859e+02
    1.96416168e+02 1.20508041e+02 2.36436569e+02 1.19412315e+02
    2.76951813e+02 1.18991325e+02 3.17536224e+02 1.18468620e+02
    3.58079407e+02 1.18222481e+02 3.98567535e+02 1.16331039e+02
    1.54390854e+02 1.60065720e+02 1.95475555e+02 1.59477615e+02
    2.35700912e+02 1.58270981e+02 2.76531464e+02 1.57433380e+02
    3.17846039e+02 1.57198303e+02 3.58892914e+02 1.56451538e+02
    4.00158386e+02 1.55513672e+02 1.52708679e+02 2.00074860e+02
    1.94219482e+02 1.99236237e+02 2.35226578e+02 1.98309937e+02
    2.76397125e+02 1.97250519e+02 3.18136810e+02 1.96881775e+02
    3.59792664e+02 1.96137390e+02 4.01607849e+02 1.95186050e+02
    1.50299759e+02 2.40408936e+02 1.92651581e+02 2.39877472e+02
    2.34321976e+02 2.38902283e+02 2.76249603e+02 2.38169312e+02
    3.18475403e+02 2.37582870e+02 3.60692261e+02 2.36694046e+02
    4.03285309e+02 2.35849121e+02 1.47519897e+02 2.82334412e+02
    1.90754120e+02 2.81578094e+02 2.33271378e+02 2.80770050e+02
